#TIC,sectors,ra,dec,Tmag,Jmag,Hmag,Kmag,dist,Ms,Rs,Teff,P,T0,rp/Rs,rp,disposition
92444219;[1];314.40760;-34.27180;12.050;10.494;9.967;9.683;43.943;0.406;0.378;3303;39.522544;2458342.472852;0.07403;3.07;pST
47484268;[2];342.96640;-24.78750;12.367;10.854;10.220;9.941;51.355;0.421;0.389;3327;20.283306;2458378.785473;0.09041;3.82;pPC
305048087;[2];353.24270;-29.41510;13.458;11.740;11.190;10.896;38.072;0.174;0.211;3190;5.430979;2458376.975303;0.07274;1.67;PC
49678165;[2];351.51680;-10.62380;12.909;11.145;10.527;10.192;39.271;0.272;0.286;3058;35.636958;2458371.194516;0.09626;3.02;ST
234994474;[1];350.03130;-60.06520;9.169;7.941;7.320;7.082;25.150;0.629;0.597;3756;1.401314;2458345.650709;0.02136;1.39;PC
206660104;[2];342.84880;-34.32670;9.565;8.358;7.747;7.491;24.354;0.571;0.514;3676;13.450714;2458379.784212;0.02148;1.21;PC
260004324;[1,2,3,4,5,7,8,9];91.08480;-55.31300;10.089;8.801;8.209;7.993;29.842;0.562;0.504;3592;3.815679;2458357.936851;0.02099;1.15;PC
278661431;[1];328.81560;-66.09070;12.436;10.895;10.333;10.075;35.614;0.257;0.275;3307;17.631730;2458343.929917;0.09366;2.82;pPC
262530407;[2,3];20.43910;-46.71440;9.438;8.168;7.536;7.294;22.475;0.575;0.518;3642;2.853971;2458364.706974;0.03307;1.87;PC
12421862;[2];2.26820;-27.12210;9.853;8.655;8.143;7.856;23.726;0.499;0.447;3781;20.428206;2458376.802771;0.03264;1.59;PC
415969908;[2];343.71000;-18.91180;11.256;9.943;9.330;9.091;33.773;0.409;0.380;3564;11.665842;2458376.924682;0.04580;1.90;PC
415969908;[2];343.71000;-18.91180;11.256;9.943;9.330;9.091;33.773;0.409;0.380;3564;52.744148;2458381.070292;0.04845;2.02;ST
441056702;[2];359.51890;-15.06620;11.051;9.892;9.262;9.083;61.920;0.625;0.589;4026;6.342385;2458371.811086;0.03059;1.97;PC
307210830;[2,5,8,9];124.53190;-68.31300;9.393;7.933;7.359;7.101;10.619;0.312;0.314;3412;3.689340;2458374.650841;0.03920;1.34;PC
231702397;[1];332.94700;-58.94510;13.048;11.531;11.020;10.771;62.117;0.343;0.334;3328;5.078903;2458349.433825;0.07661;2.80;PC
98796342;[4];45.46270;-16.59200;8.554;7.110;6.560;6.285;6.869;0.290;0.299;3362;5.361748;2458418.057264;0.03723;1.22;pPC
153065527;[3,4];49.26240;-42.24240;11.222;9.695;9.128;8.848;31.060;0.421;0.389;3304;13.172596;2458414.913321;0.04395;1.86;PC
98796344;[4];45.46420;-16.59340;8.640;7.294;6.774;6.496;6.869;0.257;0.275;3358;5.361158;2458418.061708;0.03305;0.99;pPC
100103200;[2,3];24.68120;-45.24210;8.774;7.499;6.913;6.659;16.746;0.574;0.517;3864;18.446208;2458380.089436;0.03484;1.97;PC
32488117;[3];4.65470;-12.20190;12.576;11.056;10.486;10.245;64.822;0.460;0.417;3368;26.597053;2458399.515654;0.24454;10.67;ST
29960110;[4];42.24700;-14.53760;10.714;9.528;8.876;8.646;37.887;0.539;0.482;3503;2.491896;2458414.157453;0.04215;2.22;pPC
35724755;[4];39.35830;-0.79550;12.998;11.409;10.897;10.642;70.284;0.417;0.386;3622;13.555675;2458430.660710;0.08258;3.47;pPC
301033593;[3];2.89950;-5.48090;11.867;10.474;9.878;9.648;41.920;0.392;0.368;3422;30.575463;2458395.409877;0.06308;2.54;ST
231279823;[2,3];42.54050;-53.13900;8.667;7.349;6.753;6.495;13.202;0.514;0.460;3587;5.976070;2458361.641027;0.03633;1.83;PC
328321138;[4];46.43720;1.71190;13.489;11.955;11.369;11.107;99.622;0.474;0.428;3276;34.464799;2458429.640850;0.12019;5.71;ST
24186999;[3];14.52890;-7.58920;13.061;11.394;10.855;10.581;76.769;0.473;0.427;3222;25.975306;2458398.678207;0.13336;6.23;ST
321043535;[3,4];43.70350;-38.47120;12.650;11.233;10.642;10.385;89.802;0.562;0.505;3423;12.011011;2458404.693690;0.05235;2.88;pPC
439456712;[3];19.07660;-20.94750;11.472;10.196;9.548;9.348;64.738;0.608;0.559;3768;3.992060;2458401.004486;0.05114;3.12;pPC
262530407;[2,3];20.43910;-46.71440;9.438;8.168;7.536;7.294;22.475;0.575;0.518;3642;2.853971;2458364.706974;0.03318;1.88;PC
302411994;[3];33.21260;-17.68670;9.337;8.195;7.596;7.342;23.509;0.582;0.526;3839;8.357383;2458403.103251;0.02818;1.62;pPC
259377017;[3,4,5];68.41540;-51.95620;10.416;9.099;8.531;8.251;22.479;0.401;0.374;3520;5.659519;2458434.778917;0.05678;2.32;PC
3837033;[3];10.48760;-6.02050;12.495;11.042;10.555;10.271;46.458;0.319;0.318;3414;39.192617;2458402.811826;0.11354;3.96;ST
141708335;[1,2,3,4,5,6,7,8,9];90.45740;-77.29880;12.263;10.462;9.841;9.579;48.763;0.469;0.424;3312;4.761678;2458352.462953;0.04429;2.05;PC
439456714;[3];19.07720;-20.95220;11.681;10.403;9.767;9.557;64.669;0.580;0.523;3674;3.996158;2458393.018321;0.06286;3.61;pPC
29960109;[4];42.24930;-14.53790;10.720;9.733;9.125;8.875;37.893;0.498;0.447;3439;2.491688;2458429.111069;0.04079;1.98;pPC
337217173;[4];39.82220;7.47140;11.502;9.881;9.343;9.033;20.018;0.229;0.255;3213;53.258345;2458423.092377;0.06007;1.68;ST
70899085;[5];64.19000;-12.08400;10.662;9.493;8.829;8.626;52.616;0.633;0.608;3796;4.051758;2458442.437109;0.07527;4.98;PC
415339577;[5];58.87840;11.31380;12.164;10.730;10.063;9.851;66.085;0.540;0.483;3486;nan;2458457.979819;nan;nan;ST
78740218;[6,7];103.11190;-22.31010;11.802;10.438;9.792;9.539;58.437;0.547;0.490;3448;2.560154;2458472.196834;0.07715;4.11;PC
238027971;[2,6,7,8,9];103.33130;-53.11940;10.432;9.195;8.554;8.318;38.664;0.597;0.544;3644;14.408365;2458379.522428;0.03948;2.34;PC
293689267;[6,7];97.96210;-43.53490;9.529;7.852;7.308;7.054;23.832;0.621;0.581;3851;14.833526;2458485.047682;0.03925;2.10;PC
200593988;[6];85.33540;11.19460;12.271;10.919;10.347;10.108;70.931;0.522;0.467;3594;7.712675;2458486.261970;0.07990;4.06;PC
78740218;[6,7];103.11190;-22.31010;11.802;10.438;9.792;9.539;58.437;0.547;0.490;3448;2.560154;2458472.196834;0.07669;4.11;PC
293689267;[6,7];97.96210;-43.53490;9.529;7.852;7.308;7.054;23.832;0.621;0.581;3851;14.833526;2458485.047682;0.03938;2.91;PC
238027971;[2,6,7,8,9];103.33130;-53.11940;10.432;9.195;8.554;8.318;38.664;0.597;0.544;3644;14.408365;2458379.522428;0.03934;2.34;PC
191672086;[8,9];135.87590;-39.29510;13.624;12.163;11.619;11.363;103.940;0.445;0.406;3470;2.683393;2458522.498988;0.12509;5.55;PC
155884454;[7,8];123.99650;-26.22120;11.829;10.829;10.244;9.981;72.653;0.553;0.495;3661;0.980582;2458497.796724;0.08801;4.76;PC
272086159;[2,3,4,5,6,7,8,9];115.00340;-72.20770;13.404;11.765;11.265;10.999;65.952;0.326;0.323;3233;8.077612;2458540.752570;0.33789;11.95;pPC
296739893;[8];142.17330;-12.16550;10.097;8.837;8.201;7.954;33.023;0.599;0.547;3586;5.097455;2458523.107918;0.05874;3.50;PC
155884449;[7,8];123.99570;-26.22270;13.029;11.501;10.897;10.658;72.265;0.426;0.392;3458;0.981746;2458508.582062;0.15503;6.61;PC
129268651;[7,8];118.76780;-28.82980;14.117;12.366;11.792;11.578;56.927;0.194;0.228;3362;5.965288;2458526.254106;0.21751;5.41;PC
275083922;[9];149.44010;-54.16500;11.091;9.663;9.100;8.856;43.219;0.552;0.495;3690;7.403684;2458565.690833;0.04498;2.44;PC
238027971;[2,6,7,8,9];103.33130;-53.11940;10.432;9.195;8.554;8.318;38.664;0.597;0.544;3644;14.408365;2458379.522428;0.03955;2.34;pPC
181804752;[9];165.69150;-16.40620;13.508;11.559;10.993;10.644;26.492;0.135;0.171;2930;4.990520;2458551.496420;0.12283;2.31;PC
191672086;[8,9];135.87590;-39.29510;13.624;12.163;11.619;11.363;103.940;0.445;0.406;3470;2.683393;2458522.498988;0.12475;5.51;pPC
36724087;[9];154.64640;-11.71670;10.534;9.007;8.439;8.204;21.981;0.400;0.374;3312;12.255163;2458559.101717;0.05306;2.17;pPC
296859112;[9];158.34540;-15.30930;12.962;11.394;10.774;10.538;69.627;0.433;0.397;3314;50.371566;2458558.985214;0.13825;6.23;ST
296940429;[9];158.89840;-15.42610;11.792;10.568;9.999;9.786;69.313;0.568;0.510;3784;42.746754;2458563.439175;0.06390;3.57;ST
